failure_id,case_id,source_language,target_language,output_kind,validation_stage,diagnostic_class,diagnostic
53785c9c29fd9aff04a297b4e25a5541cd83de93c4fe8f5741c06535d2426a1b,a35ceb7274a1f61c3d037a4ffdca4e3f0d994a719669b67be9d115786008fe8b,r,r,source_target,V4_NATIVE_EMISSION,BACKEND,"universal node 12 lacks required ""expression"" child"
09ce54837c5c6cf2dbe07e42b6d58d2c449d9906c5bc884874aee48a8a27f88a,11d5f2282276ecca0f11aad2f178851953385d88201143f7e653b703e76ae37a,r,r,source_target,V4_NATIVE_EMISSION,BACKEND,"universal node 2 lacks required ""expression"" child"
1628745e3c734f9f005c23c69bf67171295670817c5ecf7cb9327ade60cdbeff,108d7f4cb4253f1584a20e98889248e067b7d674195a3012a526bb6465eeb6dd,r,r,source_target,V0_SOURCE_PARSE,FRONTEND,expected expression
21785c80c48355aee481337c2da281c8dec8588412ccc45162efdc0920b1657d,108d7f4cb4253f1584a20e98889248e067b7d674195a3012a526bb6465eeb6dd,r,go,source_target,V0_SOURCE_PARSE,FRONTEND,expected expression
b697bf768fbd6ce011b67e8c61ea0a5b67863004bcc7f834716bb619aef5f14a,108d7f4cb4253f1584a20e98889248e067b7d674195a3012a526bb6465eeb6dd,r,rust,source_target,V0_SOURCE_PARSE,FRONTEND,expected expression
dde6763366e00ed726f297f588eb1366d47877e5c5d643143aa1aa0461d82776,108d7f4cb4253f1584a20e98889248e067b7d674195a3012a526bb6465eeb6dd,r,cpp,source_target,V0_SOURCE_PARSE,FRONTEND,expected expression
f5bed4fc50be56e695229d092799890759bc08e6c1ed842d074f488139bd14f2,108d7f4cb4253f1584a20e98889248e067b7d674195a3012a526bb6465eeb6dd,r,c,source_target,V0_SOURCE_PARSE,FRONTEND,expected expression
5183ad7b72b3f565fe5ed4cbdcc0dbae776d62d4310de8542457a38de859f357,108d7f4cb4253f1584a20e98889248e067b7d674195a3012a526bb6465eeb6dd,r,python,source_target,V0_SOURCE_PARSE,FRONTEND,expected expression
d7ff4593bfbef9177ca51047d48e3896bdfaff70bdebbf1f0a876d1bfbf20715,108d7f4cb4253f1584a20e98889248e067b7d674195a3012a526bb6465eeb6dd,r,zig,source_target,V0_SOURCE_PARSE,FRONTEND,expected expression
2393d2826aba8a72632f0599f74b4cdbd9ba58036309d5f1a55dcb5e9706ef23,108d7f4cb4253f1584a20e98889248e067b7d674195a3012a526bb6465eeb6dd,r,julia,source_target,V0_SOURCE_PARSE,FRONTEND,expected expression
02fde995385be1fd0ce2d9d0776e55985202bbace0277087d0b8cc22ee561895,108d7f4cb4253f1584a20e98889248e067b7d674195a3012a526bb6465eeb6dd,r,nim,source_target,V0_SOURCE_PARSE,FRONTEND,expected expression
a2f89dc3099b4f6b726d5d7223bca664f20d238c14e47427af40001974fb96b3,108d7f4cb4253f1584a20e98889248e067b7d674195a3012a526bb6465eeb6dd,r,csharp,source_target,V0_SOURCE_PARSE,FRONTEND,expected expression
cb29a591af27a5f772e46357cfd815749c441aa554dfc8c39e95440251b931f9,108d7f4cb4253f1584a20e98889248e067b7d674195a3012a526bb6465eeb6dd,r,java,source_target,V0_SOURCE_PARSE,FRONTEND,expected expression
990a3a6f30bc0613b86b98f98c34fc9e9999a7072b1651df9bf7fa7c2f26eb51,108d7f4cb4253f1584a20e98889248e067b7d674195a3012a526bb6465eeb6dd,r,kotlin,source_target,V0_SOURCE_PARSE,FRONTEND,expected expression
64dc07ca306ef76facc99d18a23ef4f73a47bc72f25317ffd338c16d938d0e30,108d7f4cb4253f1584a20e98889248e067b7d674195a3012a526bb6465eeb6dd,r,swift,source_target,V0_SOURCE_PARSE,FRONTEND,expected expression
4b1876c1426f331813b3a9259d4c5431d14d484e084ea3bf0d8e5c1172f999b4,aa05ac249286f63626114ca61ea38afc20fd4c3904c8f206d02ecbe4d58ea31d,r,go,source_target,V4_NATIVE_EMISSION,BACKEND,"DIRECT_NATIVE_UNAVAILABLE: target go emitted invalid syntax (other: C:\Users\tarek\AppData\Local\Temp\codetranspiler-syntax-1833647185\program.go:16:11: expected operand, found ')' C:\Users\tarek\AppData\Local\Temp\codetranspiler-syntax-183"
7e98e2cd30bf28bcd80bc4af26f0798e374c928b3f83663e3aae0c736b28b470,aa05ac249286f63626114ca61ea38afc20fd4c3904c8f206d02ecbe4d58ea31d,r,rust,source_target,V4_NATIVE_EMISSION,BACKEND,"DIRECT_NATIVE_UNAVAILABLE: target rust emitted invalid syntax (expected expression: error: expected expression, found `.` --> C:\Users\tarek\AppData\Local\Temp\codetranspiler-syntax-721397226\program.rs:9:19 | 9 | (a.clone() == .clone()); |"
93636fa3be1b06382abef5ea68428ce84f2fce71f1c07cd8db7022610e5bf5c6,aa05ac249286f63626114ca61ea38afc20fd4c3904c8f206d02ecbe4d58ea31d,r,cpp,source_target,V4_NATIVE_EMISSION,BACKEND,DIRECT_NATIVE_UNAVAILABLE: target cpp emitted invalid syntax (other: C:\Users\tarek\AppData\Local\Temp\codetranspiler-syntax-4073924013\program.cpp: In function 'int main()': C:\Users\tarek\AppData\Local\Temp\codetranspiler-syntax-407392401
ad2267f751278821e9d47a795708980908d69c09752ab1bab414d53376812b33,aa05ac249286f63626114ca61ea38afc20fd4c3904c8f206d02ecbe4d58ea31d,r,c,source_target,V4_NATIVE_EMISSION,BACKEND,DIRECT_NATIVE_UNAVAILABLE: target c emitted invalid syntax (expected expression: C:\Users\tarek\AppData\Local\Temp\codetranspiler-syntax-2099540962\program.c: In function 'main': C:\Users\tarek\AppData\Local\Temp\codetranspiler-syntax-20995
b017d4a0cda4e29d58e6698f48041cbd253bad886a6cb56081f3dd01f7c88915,aa05ac249286f63626114ca61ea38afc20fd4c3904c8f206d02ecbe4d58ea31d,r,python,source_target,V4_NATIVE_EMISSION,BACKEND,"DIRECT_NATIVE_UNAVAILABLE: target python emitted invalid syntax (other: File ""C:\Users\tarek\AppData\Local\Temp\codetranspiler-syntax-485416027\program.py"", line 8 (a == ) ^ SyntaxError: invalid syntax)"
577b7e46c0db3f5d7dd8de36f7a8ac8478bb6ff068536bebb542f5bfa7ed910f,aa05ac249286f63626114ca61ea38afc20fd4c3904c8f206d02ecbe4d58ea31d,r,java,source_target,V4_NATIVE_EMISSION,BACKEND,DIRECT_NATIVE_UNAVAILABLE: target java emitted invalid syntax (other: C:\Users\tarek\AppData\Local\Temp\codetranspiler-syntax-1200083356\Main.java:5: Fehler: Keine Anweisung (a == b); ^ C:\Users\tarek\AppData\Local\Temp\codetranspiler-synta
8d4a9f86230ef9fb66c024fbd7d99ed2cb9451906750a66e658546cbafc69b86,89a7fc287eacef9e0529b73e32c6fd91a4bc7850778c06322a08b89373d08a55,r,go,source_target,V4_NATIVE_EMISSION,BACKEND,DIRECT_NATIVE_UNAVAILABLE: exponentiation requires a target math contract
5dd7c2c0676d4ae13a762f7b90133896aa1b3d41515954c99e306120e1b579a9,89a7fc287eacef9e0529b73e32c6fd91a4bc7850778c06322a08b89373d08a55,r,rust,source_target,V4_NATIVE_EMISSION,BACKEND,DIRECT_NATIVE_UNAVAILABLE: exponentiation requires a target math contract
0622a300df9d398be5c1c9407ed2fd4569418b4f5059c6ee7e08e2d17a4e5789,89a7fc287eacef9e0529b73e32c6fd91a4bc7850778c06322a08b89373d08a55,r,cpp,source_target,V4_NATIVE_EMISSION,BACKEND,DIRECT_NATIVE_UNAVAILABLE: exponentiation requires a target math contract
df6ae2a2179d77853a69721f1eb032e8e1a38c65aa16cc8968b9b7069916970c,89a7fc287eacef9e0529b73e32c6fd91a4bc7850778c06322a08b89373d08a55,r,c,source_target,V4_NATIVE_EMISSION,BACKEND,DIRECT_NATIVE_UNAVAILABLE: exponentiation requires a target math contract
17ae4cdeb2eac5f0838058c083b5808fc380bb01c104b923e2680e88281b7d5a,89a7fc287eacef9e0529b73e32c6fd91a4bc7850778c06322a08b89373d08a55,r,python,source_target,V4_NATIVE_EMISSION,BACKEND,DIRECT_NATIVE_UNAVAILABLE: exponentiation requires a target math contract
355dad0b2060d86a861a584cc4616b6ca40893801ccf26cfcc4a86636dd5349e,89a7fc287eacef9e0529b73e32c6fd91a4bc7850778c06322a08b89373d08a55,r,zig,source_target,V4_NATIVE_EMISSION,BACKEND,DIRECT_NATIVE_UNAVAILABLE: exponentiation requires a target math contract
4bffea7ab5850db3e86310e7fd8aba282706de75f255d3c1e2a3e0e4e575cc62,89a7fc287eacef9e0529b73e32c6fd91a4bc7850778c06322a08b89373d08a55,r,julia,source_target,V4_NATIVE_EMISSION,BACKEND,DIRECT_NATIVE_UNAVAILABLE: exponentiation requires a target math contract
3a28a55d4f6beb6bd28049f580927bb11f727c2bb036c02bf316cac59db028bd,89a7fc287eacef9e0529b73e32c6fd91a4bc7850778c06322a08b89373d08a55,r,nim,source_target,V4_NATIVE_EMISSION,BACKEND,DIRECT_NATIVE_UNAVAILABLE: exponentiation requires a target math contract
13ad9afbe560bbb76fada655c17d11533e1b6f631d14e8efecbb9ad5c2ac5e39,89a7fc287eacef9e0529b73e32c6fd91a4bc7850778c06322a08b89373d08a55,r,csharp,source_target,V4_NATIVE_EMISSION,BACKEND,DIRECT_NATIVE_UNAVAILABLE: exponentiation requires a target math contract
30bb4dbd6dc86a7bd35b6c52131c4650cf2f87221ba25a2631c1eac00e9a88b5,89a7fc287eacef9e0529b73e32c6fd91a4bc7850778c06322a08b89373d08a55,r,java,source_target,V4_NATIVE_EMISSION,BACKEND,DIRECT_NATIVE_UNAVAILABLE: exponentiation requires a target math contract
ad9c9286595c4f3868736ac2ec63ab0fb35f00a2dc0ea894a937db402b1f3d4b,89a7fc287eacef9e0529b73e32c6fd91a4bc7850778c06322a08b89373d08a55,r,kotlin,source_target,V4_NATIVE_EMISSION,BACKEND,DIRECT_NATIVE_UNAVAILABLE: exponentiation requires a target math contract
9a5a077d0dce8c53ed773cb788387d16f9c614e06603ceb3d759cefe01843dfc,89a7fc287eacef9e0529b73e32c6fd91a4bc7850778c06322a08b89373d08a55,r,swift,source_target,V4_NATIVE_EMISSION,BACKEND,DIRECT_NATIVE_UNAVAILABLE: exponentiation requires a target math contract
a7c61d162791803126f8017482e6ccc01465048170ae39bd495cd06b663e9157,2525d19cfaa28bf83354b502a7ae766c16f662b50c68758296cfa66600cdfbbb,r,rust,source_target,V4_NATIVE_EMISSION,BACKEND,DIRECT_NATIVE_UNAVAILABLE: target rust emitted invalid syntax (other: error[E0425]: cannot find value `b` in this scope --> C:\Users\tarek\AppData\Local\Temp\codetranspiler-syntax-613237046\program.rs:3:5 | 3 | b.clone(); | ^ not found in t
5d076238ca2221559aa15d0729d7733e0fa06ef927f7d3b7a3f9d7710c847a3d,2525d19cfaa28bf83354b502a7ae766c16f662b50c68758296cfa66600cdfbbb,r,cpp,source_target,V4_NATIVE_EMISSION,BACKEND,DIRECT_NATIVE_UNAVAILABLE: target cpp emitted invalid syntax (other: C:\Users\tarek\AppData\Local\Temp\codetranspiler-syntax-2616543184\program.cpp: In function 'int main()': C:\Users\tarek\AppData\Local\Temp\codetranspiler-syntax-261654318
4b58098506c21e22d2d8df6d6a6c2dab9eb16d8e43c5304060963c91bc216c74,2525d19cfaa28bf83354b502a7ae766c16f662b50c68758296cfa66600cdfbbb,r,c,source_target,V4_NATIVE_EMISSION,BACKEND,DIRECT_NATIVE_UNAVAILABLE: target c emitted invalid syntax (other: C:\Users\tarek\AppData\Local\Temp\codetranspiler-syntax-2815296494\program.c: In function 'main': C:\Users\tarek\AppData\Local\Temp\codetranspiler-syntax-2815296494\program.
32370e08919f6bece5c6f995c754509f14264aec11be573de7de8483d7234bfd,2525d19cfaa28bf83354b502a7ae766c16f662b50c68758296cfa66600cdfbbb,r,java,source_target,V4_NATIVE_EMISSION,BACKEND,DIRECT_NATIVE_UNAVAILABLE: target java emitted invalid syntax (other: C:\Users\tarek\AppData\Local\Temp\codetranspiler-syntax-839876707\Main.java:5: Fehler: Keine Anweisung b; ^ 1 Fehler)
fb502fb20fa655f9804f80b902f1b779972004dd2dcc266b0b3ac6cefb0fe958,ba1395d00888d0f03ed2a87e99bea316e04df230c6a84c8272b7c7a42e7151f0,r,r,source_target,V0_SOURCE_PARSE,FRONTEND,expected expression
3112f4224d7ded67efd2e9ba1a7af994cae8a718e3887748d8401191da292dcb,ba1395d00888d0f03ed2a87e99bea316e04df230c6a84c8272b7c7a42e7151f0,r,go,source_target,V0_SOURCE_PARSE,FRONTEND,expected expression
51236f719fcef523890dca890480e141167a9f0f578480b0057b6f929839f491,ba1395d00888d0f03ed2a87e99bea316e04df230c6a84c8272b7c7a42e7151f0,r,rust,source_target,V0_SOURCE_PARSE,FRONTEND,expected expression
dd8c7522f6cc66df452771d2462523845ac1e2022b933b4facfbf6be4968bab3,ba1395d00888d0f03ed2a87e99bea316e04df230c6a84c8272b7c7a42e7151f0,r,cpp,source_target,V0_SOURCE_PARSE,FRONTEND,expected expression
cb4b3ec493be2a0e419e64755456a74a686c9772029ba853da1c0a23cb4f5d27,ba1395d00888d0f03ed2a87e99bea316e04df230c6a84c8272b7c7a42e7151f0,r,c,source_target,V0_SOURCE_PARSE,FRONTEND,expected expression
5028008a5915c586127088a78213b101a2c696743dab5f031c687e9438fe4b29,ba1395d00888d0f03ed2a87e99bea316e04df230c6a84c8272b7c7a42e7151f0,r,python,source_target,V0_SOURCE_PARSE,FRONTEND,expected expression
917aae9fc206f8141ab18bdcd9e5e159b71aa047881879f1830e8222d3e223db,ba1395d00888d0f03ed2a87e99bea316e04df230c6a84c8272b7c7a42e7151f0,r,zig,source_target,V0_SOURCE_PARSE,FRONTEND,expected expression
ad5841e12909b191ecb4ab11c11ff2a1076b1bd7ce0579ad1a92c64ec4baedab,ba1395d00888d0f03ed2a87e99bea316e04df230c6a84c8272b7c7a42e7151f0,r,julia,source_target,V0_SOURCE_PARSE,FRONTEND,expected expression
e024077ce382569a0948f424b4b486a8a6f95c06913c3acd708b037b771ee690,ba1395d00888d0f03ed2a87e99bea316e04df230c6a84c8272b7c7a42e7151f0,r,nim,source_target,V0_SOURCE_PARSE,FRONTEND,expected expression
9e8cc3c75eaa2d5002cabc3c55474183e276925cd9d6277b26ec8f60a03f6da9,ba1395d00888d0f03ed2a87e99bea316e04df230c6a84c8272b7c7a42e7151f0,r,csharp,source_target,V0_SOURCE_PARSE,FRONTEND,expected expression
44abd50f47554e27a44d72d89814777309f02cce4de7ef32f2db232f042e9126,ba1395d00888d0f03ed2a87e99bea316e04df230c6a84c8272b7c7a42e7151f0,r,java,source_target,V0_SOURCE_PARSE,FRONTEND,expected expression
0172c31ddd05138ab894ab4104ec0f5c64bf802b77b70f440aa54d94a8f99fd0,ba1395d00888d0f03ed2a87e99bea316e04df230c6a84c8272b7c7a42e7151f0,r,kotlin,source_target,V0_SOURCE_PARSE,FRONTEND,expected expression
5f289843975d1f293c1339c14a8260b7e6d6ab93c39ab70b79dbfd88f9227413,ba1395d00888d0f03ed2a87e99bea316e04df230c6a84c8272b7c7a42e7151f0,r,swift,source_target,V0_SOURCE_PARSE,FRONTEND,expected expression
012dbc4a89ce66a6c213b97e1d10e865ec97f5cc526dd53a656b7aaef20bfadb,e6c0fa43d17f8ede2bf689bc4b44acfbfda403fcddb1fa3c2b2f890793829954,r,go,source_target,V4_NATIVE_EMISSION,BACKEND,"DIRECT_NATIVE_UNAVAILABLE: call ""b"" has no native contract for target ""go"" (arguments: c)"
7f0dc229a91c0c4292b4f9a980d310b5ff4f187aafbf435e3f7a92eeda3df797,e6c0fa43d17f8ede2bf689bc4b44acfbfda403fcddb1fa3c2b2f890793829954,r,rust,source_target,V4_NATIVE_EMISSION,BACKEND,"DIRECT_NATIVE_UNAVAILABLE: call ""b"" has no native contract for target ""rust"" (arguments: c.clone())"
a1d6167ad577f4e30b28ccb78bd9d409edd04fc2a97c0d6fcd76c61458b8f08f,e6c0fa43d17f8ede2bf689bc4b44acfbfda403fcddb1fa3c2b2f890793829954,r,cpp,source_target,V4_NATIVE_EMISSION,BACKEND,"DIRECT_NATIVE_UNAVAILABLE: call ""b"" has no native contract for target ""cpp"" (arguments: c)"
107c36957d79f624f8a92a90a29e1e28ddd863a058774e4f2a8d54dcdabb1c32,e6c0fa43d17f8ede2bf689bc4b44acfbfda403fcddb1fa3c2b2f890793829954,r,c,source_target,V4_NATIVE_EMISSION,BACKEND,"DIRECT_NATIVE_UNAVAILABLE: call ""b"" has no native contract for target ""c"" (arguments: c)"
a8ec504e0a07da225f31cda3ecc3e99c1ccb4cae83252de2d3c1b041f61f621e,e6c0fa43d17f8ede2bf689bc4b44acfbfda403fcddb1fa3c2b2f890793829954,r,python,source_target,V4_NATIVE_EMISSION,BACKEND,"DIRECT_NATIVE_UNAVAILABLE: call ""b"" has no native contract for target ""python"" (arguments: c)"
e085475b0ec6566c5d82aedf99d9907420ffeee95d49344e52f66a9f5548e0e3,e6c0fa43d17f8ede2bf689bc4b44acfbfda403fcddb1fa3c2b2f890793829954,r,zig,source_target,V4_NATIVE_EMISSION,BACKEND,"DIRECT_NATIVE_UNAVAILABLE: call ""b"" has no native contract for target ""zig"" (arguments: c)"
ea5f94ab26915ee05325bef762c5af8d4d16d0e4638d0f0a7de9c62c295f485c,e6c0fa43d17f8ede2bf689bc4b44acfbfda403fcddb1fa3c2b2f890793829954,r,julia,source_target,V4_NATIVE_EMISSION,BACKEND,"DIRECT_NATIVE_UNAVAILABLE: call ""b"" has no native contract for target ""julia"" (arguments: c)"
813d39df99c071719a818036c7e1938fc5ff58174f7558ddd6826e6756efc707,e6c0fa43d17f8ede2bf689bc4b44acfbfda403fcddb1fa3c2b2f890793829954,r,nim,source_target,V4_NATIVE_EMISSION,BACKEND,"DIRECT_NATIVE_UNAVAILABLE: call ""b"" has no native contract for target ""nim"" (arguments: r2ms63)"
df2877b6ce4dcd7ad73ef640ab8e9cc57e91e666e860501d35b1733a8936891c,e6c0fa43d17f8ede2bf689bc4b44acfbfda403fcddb1fa3c2b2f890793829954,r,csharp,source_target,V4_NATIVE_EMISSION,BACKEND,"DIRECT_NATIVE_UNAVAILABLE: call ""b"" has no native contract for target ""csharp"" (arguments: c)"
84349a13c49c338b1115c6f5756f58679dd249d47c9277f4c486c77b5227788c,e6c0fa43d17f8ede2bf689bc4b44acfbfda403fcddb1fa3c2b2f890793829954,r,java,source_target,V4_NATIVE_EMISSION,BACKEND,"DIRECT_NATIVE_UNAVAILABLE: call ""b"" has no native contract for target ""java"" (arguments: c)"
948cf902a0a159a5f2d1e0ab98e0103a831f10db23916bb535dd33e85bd80c79,e6c0fa43d17f8ede2bf689bc4b44acfbfda403fcddb1fa3c2b2f890793829954,r,kotlin,source_target,V4_NATIVE_EMISSION,BACKEND,"DIRECT_NATIVE_UNAVAILABLE: call ""b"" has no native contract for target ""kotlin"" (arguments: c)"
8783567ec6b8f858dc397d2bef395ccdb6984e92f25e262d0bd3ac965a7b05a9,e6c0fa43d17f8ede2bf689bc4b44acfbfda403fcddb1fa3c2b2f890793829954,r,swift,source_target,V4_NATIVE_EMISSION,BACKEND,"DIRECT_NATIVE_UNAVAILABLE: call ""b"" has no native contract for target ""swift"" (arguments: c)"
0955c2ff4e9f5ed93462be021116bc5c5904cccb30a8789e3ca827130d5da48b,c3d2a7f673445b910dd1c76f7476ceca56319f9e5e8444d657877a01ef3f9fd0,r,rust,source_target,V4_NATIVE_EMISSION,BACKEND,DIRECT_NATIVE_UNAVAILABLE: target rust emitted invalid syntax (other: error[E0425]: cannot find value `x` in this scope --> C:\Users\tarek\AppData\Local\Temp\codetranspiler-syntax-3433680159\program.rs:3:6 | 3 | (x.clone() % y.clone()); | ^
5eed0a431d525758748e073b69cdb987dca5720701831c2481b40f893559210a,c3d2a7f673445b910dd1c76f7476ceca56319f9e5e8444d657877a01ef3f9fd0,r,cpp,source_target,V4_NATIVE_EMISSION,BACKEND,DIRECT_NATIVE_UNAVAILABLE: target cpp emitted invalid syntax (other: C:\Users\tarek\AppData\Local\Temp\codetranspiler-syntax-812749267\program.cpp: In function 'int main()': C:\Users\tarek\AppData\Local\Temp\codetranspiler-syntax-812749267\
9f35c50959160e0d2dd0186755dc692512a54eb85f74938f1aa46ec2a2eece24,c3d2a7f673445b910dd1c76f7476ceca56319f9e5e8444d657877a01ef3f9fd0,r,c,source_target,V4_NATIVE_EMISSION,BACKEND,DIRECT_NATIVE_UNAVAILABLE: target c emitted invalid syntax (other: C:\Users\tarek\AppData\Local\Temp\codetranspiler-syntax-2407065667\program.c: In function 'main': C:\Users\tarek\AppData\Local\Temp\codetranspiler-syntax-2407065667\program.
8e17592b319a81ba2c3a00d38b80eecc44483736ffe7a355cdee326fad27fccb,c3d2a7f673445b910dd1c76f7476ceca56319f9e5e8444d657877a01ef3f9fd0,r,java,source_target,V4_NATIVE_EMISSION,BACKEND,DIRECT_NATIVE_UNAVAILABLE: target java emitted invalid syntax (other: C:\Users\tarek\AppData\Local\Temp\codetranspiler-syntax-1763462353\Main.java:5: Fehler: Keine Anweisung (x % y); ^ 1 Fehler)
bc42906261dc8b0546766f7b44ec01d96845e2755cd75a3910f6a2bb2dfca8c6,c08a578d8e57afbd576efafcfe5c56d6268338844493022d7d88ef6a87ed7fa5,r,r,source_target,V4_NATIVE_EMISSION,BACKEND,"universal node 1 lacks required ""expression"" child"
28d380f2a622fa122980f670f5268242879fffa6f63012dbe63b8e62dcb1a943,c08a578d8e57afbd576efafcfe5c56d6268338844493022d7d88ef6a87ed7fa5,r,go,source_target,V4_NATIVE_EMISSION,BACKEND,DIRECT_NATIVE_UNAVAILABLE: unsupported UAST node OperationExpr/1
e1e53952a9fe6284309c9dbb2e1cb68ab17f652ab93fc41de02d933eec8609f8,c08a578d8e57afbd576efafcfe5c56d6268338844493022d7d88ef6a87ed7fa5,r,rust,source_target,V4_NATIVE_EMISSION,BACKEND,DIRECT_NATIVE_UNAVAILABLE: unsupported UAST node OperationExpr/1
d84e8cf7c96e70bc7bb5bd2018eb81dc4814f0af898a652af901ec3ced295c42,c08a578d8e57afbd576efafcfe5c56d6268338844493022d7d88ef6a87ed7fa5,r,cpp,source_target,V4_NATIVE_EMISSION,BACKEND,DIRECT_NATIVE_UNAVAILABLE: unsupported UAST node OperationExpr/1
92539043f34a90c5997f319648dd20878cfbcfc338624886786a43db52078106,c08a578d8e57afbd576efafcfe5c56d6268338844493022d7d88ef6a87ed7fa5,r,c,source_target,V4_NATIVE_EMISSION,BACKEND,DIRECT_NATIVE_UNAVAILABLE: unsupported UAST node OperationExpr/1
e6fa11b927f57dcbfc6d189d0fcce11cb3a4aadc7ac2f4d12b31bb1ca463d1d8,c08a578d8e57afbd576efafcfe5c56d6268338844493022d7d88ef6a87ed7fa5,r,python,source_target,V4_NATIVE_EMISSION,BACKEND,DIRECT_NATIVE_UNAVAILABLE: unsupported UAST node OperationExpr/1
b7e73bf0317cf48a18432d584f33aa8fd9e3bbf629770b31d6e52de37cb55763,c08a578d8e57afbd576efafcfe5c56d6268338844493022d7d88ef6a87ed7fa5,r,zig,source_target,V4_NATIVE_EMISSION,BACKEND,DIRECT_NATIVE_UNAVAILABLE: unsupported UAST node OperationExpr/1
56b7ff751985c62385a1388dc7b08a45c1203ea186c72919cdaf6f71370879da,c08a578d8e57afbd576efafcfe5c56d6268338844493022d7d88ef6a87ed7fa5,r,julia,source_target,V4_NATIVE_EMISSION,BACKEND,DIRECT_NATIVE_UNAVAILABLE: unsupported UAST node OperationExpr/1
ca1938e45fdbd4c5185fb256757d8e13ec786a7c1d460c119b1abc89973ec895,c08a578d8e57afbd576efafcfe5c56d6268338844493022d7d88ef6a87ed7fa5,r,nim,source_target,V4_NATIVE_EMISSION,BACKEND,DIRECT_NATIVE_UNAVAILABLE: unsupported UAST node OperationExpr/1
81f736db596dcb2e89da897f62979ddf760d9c0739e5b2ccd0b96da65439d5c5,c08a578d8e57afbd576efafcfe5c56d6268338844493022d7d88ef6a87ed7fa5,r,csharp,source_target,V4_NATIVE_EMISSION,BACKEND,DIRECT_NATIVE_UNAVAILABLE: unsupported UAST node OperationExpr/1
675bf854e2458e549a5206d475bc4f88c0692a7db17f51405ef60df6e18ffd82,c08a578d8e57afbd576efafcfe5c56d6268338844493022d7d88ef6a87ed7fa5,r,java,source_target,V4_NATIVE_EMISSION,BACKEND,DIRECT_NATIVE_UNAVAILABLE: unsupported UAST node OperationExpr/1
ef097d474ea5e2a92eb8041ba738a34a6ebec7bdb0a62d1d6c3b69c22445e7e0,c08a578d8e57afbd576efafcfe5c56d6268338844493022d7d88ef6a87ed7fa5,r,kotlin,source_target,V4_NATIVE_EMISSION,BACKEND,DIRECT_NATIVE_UNAVAILABLE: unsupported UAST node OperationExpr/1
8d8e657cbcbeac9a8db6c26d4c724f2ddc3436bb8f3eb988ca4e921b8239fa52,c08a578d8e57afbd576efafcfe5c56d6268338844493022d7d88ef6a87ed7fa5,r,swift,source_target,V4_NATIVE_EMISSION,BACKEND,DIRECT_NATIVE_UNAVAILABLE: unsupported UAST node OperationExpr/1
582711afe0f8433530520ce1bbce25493cc5f6c3cd6d23f552889635f392ec05,a65d7f90d1889ff532250a7c63b82aea5a1de12823fe868f2eb6602b5f88cb33,r,r,source_target,V4_NATIVE_EMISSION,BACKEND,"universal node 1 lacks required ""expression"" child"
a7d8efd1b0b1919db22d7e105c8904c08e8c87ab88e81b25ce327ea9798d353d,a65d7f90d1889ff532250a7c63b82aea5a1de12823fe868f2eb6602b5f88cb33,r,go,source_target,V4_NATIVE_EMISSION,BACKEND,DIRECT_NATIVE_UNAVAILABLE: unsupported UAST node OperationExpr/1
9428a9c9e63d88b04883b19e684a2a03b263df0e7f09ed39daa1554fa4e78cc5,a65d7f90d1889ff532250a7c63b82aea5a1de12823fe868f2eb6602b5f88cb33,r,rust,source_target,V4_NATIVE_EMISSION,BACKEND,DIRECT_NATIVE_UNAVAILABLE: unsupported UAST node OperationExpr/1
9c83a0fd2d24a5e812375ff6d16bc2558f3e69526adc53469ea0ece0c6ed0020,a65d7f90d1889ff532250a7c63b82aea5a1de12823fe868f2eb6602b5f88cb33,r,cpp,source_target,V4_NATIVE_EMISSION,BACKEND,DIRECT_NATIVE_UNAVAILABLE: unsupported UAST node OperationExpr/1
ef42286a5c1b6f595f1df9dcab2167f0691c128d75b7a50c9713cab0e3606af0,a65d7f90d1889ff532250a7c63b82aea5a1de12823fe868f2eb6602b5f88cb33,r,c,source_target,V4_NATIVE_EMISSION,BACKEND,DIRECT_NATIVE_UNAVAILABLE: unsupported UAST node OperationExpr/1
d088115e90b68e35889618d98371f37bd0059647be34ff71244d0044e666d74b,a65d7f90d1889ff532250a7c63b82aea5a1de12823fe868f2eb6602b5f88cb33,r,python,source_target,V4_NATIVE_EMISSION,BACKEND,DIRECT_NATIVE_UNAVAILABLE: unsupported UAST node OperationExpr/1
d5833ef00c8e387578760eabd87bc16b178189b50dc47ca78774ec22e1008bd3,a65d7f90d1889ff532250a7c63b82aea5a1de12823fe868f2eb6602b5f88cb33,r,zig,source_target,V4_NATIVE_EMISSION,BACKEND,DIRECT_NATIVE_UNAVAILABLE: unsupported UAST node OperationExpr/1
e6042f9ab1198f7807a4adbd190d7e6c6400146f0e4f4b25f55fa4367332b3b8,a65d7f90d1889ff532250a7c63b82aea5a1de12823fe868f2eb6602b5f88cb33,r,julia,source_target,V4_NATIVE_EMISSION,BACKEND,DIRECT_NATIVE_UNAVAILABLE: unsupported UAST node OperationExpr/1
f9e5c7b3a089f33904d7b047d56a615ed96b0134b572a90f70778a7230473bbe,a65d7f90d1889ff532250a7c63b82aea5a1de12823fe868f2eb6602b5f88cb33,r,nim,source_target,V4_NATIVE_EMISSION,BACKEND,DIRECT_NATIVE_UNAVAILABLE: unsupported UAST node OperationExpr/1
9d60634b45fbcb3830160bf74d1671be8f088e4b757fa97140a1a6ad84589922,a65d7f90d1889ff532250a7c63b82aea5a1de12823fe868f2eb6602b5f88cb33,r,csharp,source_target,V4_NATIVE_EMISSION,BACKEND,DIRECT_NATIVE_UNAVAILABLE: unsupported UAST node OperationExpr/1
f144bfb9533b1fd37f11ee706f02959008c38bc232505d63d395d7225b13aa85,a65d7f90d1889ff532250a7c63b82aea5a1de12823fe868f2eb6602b5f88cb33,r,java,source_target,V4_NATIVE_EMISSION,BACKEND,DIRECT_NATIVE_UNAVAILABLE: unsupported UAST node OperationExpr/1
fafb6920eb1431760d111aa34266c2ef86bf0d6c6424ec7ae97a1768d14cbfc2,a65d7f90d1889ff532250a7c63b82aea5a1de12823fe868f2eb6602b5f88cb33,r,kotlin,source_target,V4_NATIVE_EMISSION,BACKEND,DIRECT_NATIVE_UNAVAILABLE: unsupported UAST node OperationExpr/1
71a3fa9ccc6897bea86f23294c6edd2b3cbf29157cfa40c3d2e60df4acbebe4d,a65d7f90d1889ff532250a7c63b82aea5a1de12823fe868f2eb6602b5f88cb33,r,swift,source_target,V4_NATIVE_EMISSION,BACKEND,DIRECT_NATIVE_UNAVAILABLE: unsupported UAST node OperationExpr/1
92e0fcc67714ca92a829214a1bf48270c83290f55793744da24bbddfd4ad1bfd,5e1b723c9eb67c9f65e3a0de42fff1ef5f48954a6243aae3cbb35f65726d4e47,r,r,source_target,V4_NATIVE_EMISSION,BACKEND,"universal node 3 lacks required ""expression"" child"
4afd6a86a0bcc9bc5c56a58b9a84ecbbd0521606a2d4ad30dab09db1bb91316f,5e1b723c9eb67c9f65e3a0de42fff1ef5f48954a6243aae3cbb35f65726d4e47,r,go,source_target,V4_NATIVE_EMISSION,BACKEND,DIRECT_NATIVE_UNAVAILABLE: index arity
d6067f39cf291346d55e4f262b4da52bf5ca56d9bb11461cc82cd7e76956e614,5e1b723c9eb67c9f65e3a0de42fff1ef5f48954a6243aae3cbb35f65726d4e47,r,rust,source_target,V4_NATIVE_EMISSION,BACKEND,DIRECT_NATIVE_UNAVAILABLE: index arity
eef8d7351780d17ff38400efd6adc6d7a8e28c3a62590d326015239137b93cd6,5e1b723c9eb67c9f65e3a0de42fff1ef5f48954a6243aae3cbb35f65726d4e47,r,cpp,source_target,V4_NATIVE_EMISSION,BACKEND,DIRECT_NATIVE_UNAVAILABLE: index arity
ca802a5062095b3d870ea8db71332810c5293d9b47555b84bcfd86b60f2de197,5e1b723c9eb67c9f65e3a0de42fff1ef5f48954a6243aae3cbb35f65726d4e47,r,c,source_target,V4_NATIVE_EMISSION,BACKEND,DIRECT_NATIVE_UNAVAILABLE: index arity
7347846b780e583b400c3a27c2bcf62a54f4ef6cbb77aec9be79935da0259830,5e1b723c9eb67c9f65e3a0de42fff1ef5f48954a6243aae3cbb35f65726d4e47,r,python,source_target,V4_NATIVE_EMISSION,BACKEND,DIRECT_NATIVE_UNAVAILABLE: index arity
9b829826c3393e370a90ff5e73e429a314a0e41404e397562b67b61c752f3a78,5e1b723c9eb67c9f65e3a0de42fff1ef5f48954a6243aae3cbb35f65726d4e47,r,zig,source_target,V4_NATIVE_EMISSION,BACKEND,DIRECT_NATIVE_UNAVAILABLE: index arity
5fec0dd5598546786eb3fb92dc4abc21c714fed8c9807c027d1e302b44e2158d,5e1b723c9eb67c9f65e3a0de42fff1ef5f48954a6243aae3cbb35f65726d4e47,r,julia,source_target,V4_NATIVE_EMISSION,BACKEND,DIRECT_NATIVE_UNAVAILABLE: index arity
802da9c8f1b64ad8e3715bc168907f675065f228e8613ceb91af55f743b65734,5e1b723c9eb67c9f65e3a0de42fff1ef5f48954a6243aae3cbb35f65726d4e47,r,nim,source_target,V4_NATIVE_EMISSION,BACKEND,DIRECT_NATIVE_UNAVAILABLE: index arity
922ae288b1956e0777a5f2df5b6e8fe52879ca12715216b83484652c44fbaad3,5e1b723c9eb67c9f65e3a0de42fff1ef5f48954a6243aae3cbb35f65726d4e47,r,csharp,source_target,V4_NATIVE_EMISSION,BACKEND,DIRECT_NATIVE_UNAVAILABLE: index arity
4e0d202d04b54757c19ad5103f9aad58633533f848c40136c82e98afd0229136,5e1b723c9eb67c9f65e3a0de42fff1ef5f48954a6243aae3cbb35f65726d4e47,r,java,source_target,V4_NATIVE_EMISSION,BACKEND,DIRECT_NATIVE_UNAVAILABLE: index arity
f1983e911728f8533d5cb93d3b36048d9ed8bd688b86bdee60edf3b2aa4d3a3e,5e1b723c9eb67c9f65e3a0de42fff1ef5f48954a6243aae3cbb35f65726d4e47,r,kotlin,source_target,V4_NATIVE_EMISSION,BACKEND,DIRECT_NATIVE_UNAVAILABLE: index arity
3b6ecb37c880142e181b307d6ed3d07504f96fb16055d6176d7156e7450fa791,5e1b723c9eb67c9f65e3a0de42fff1ef5f48954a6243aae3cbb35f65726d4e47,r,swift,source_target,V4_NATIVE_EMISSION,BACKEND,DIRECT_NATIVE_UNAVAILABLE: index arity
8798d7250d4bfa9f04fc06f79a708deafb22a47e45ba5b9605d305629e590e3b,edff3ff74e8706b70a249450508321f1ee631da8199128224b345aa3a49cbc50,r,r,source_target,V4_NATIVE_EMISSION,BACKEND,"universal node 4 lacks required ""expression"" child"
e8b46570b743f828e0fd187802179d10e5bd185b1e8f2b3077ccc2cdc211ee0d,edff3ff74e8706b70a249450508321f1ee631da8199128224b345aa3a49cbc50,r,go,source_target,V4_NATIVE_EMISSION,BACKEND,DIRECT_NATIVE_UNAVAILABLE: unsupported UAST node OperationExpr/4
4cc4aac4cf6024823e98063790e657b73c1fca32a5885fbde5287e908b00db60,edff3ff74e8706b70a249450508321f1ee631da8199128224b345aa3a49cbc50,r,rust,source_target,V4_NATIVE_EMISSION,BACKEND,DIRECT_NATIVE_UNAVAILABLE: unsupported UAST node OperationExpr/4
b0652021b7a8c022acbf74f0ef93ab04f16ce5c5e01fa555f818f76d0991e5c8,edff3ff74e8706b70a249450508321f1ee631da8199128224b345aa3a49cbc50,r,cpp,source_target,V4_NATIVE_EMISSION,BACKEND,DIRECT_NATIVE_UNAVAILABLE: unsupported UAST node OperationExpr/4
f226df0d44b82818481cecf88ff840fc94cf19c2f0f7a5f4897d5246e836190d,edff3ff74e8706b70a249450508321f1ee631da8199128224b345aa3a49cbc50,r,c,source_target,V4_NATIVE_EMISSION,BACKEND,DIRECT_NATIVE_UNAVAILABLE: unsupported UAST node OperationExpr/4
3402062d44b042312a94dcd197c99b6ee9ed0a33f70fde85b9e2df013e7bd3b7,edff3ff74e8706b70a249450508321f1ee631da8199128224b345aa3a49cbc50,r,python,source_target,V4_NATIVE_EMISSION,BACKEND,DIRECT_NATIVE_UNAVAILABLE: unsupported UAST node OperationExpr/4
05771bff99f8b9a908c226ec7da5d4482cf2285426348a031469146e78168387,edff3ff74e8706b70a249450508321f1ee631da8199128224b345aa3a49cbc50,r,zig,source_target,V4_NATIVE_EMISSION,BACKEND,DIRECT_NATIVE_UNAVAILABLE: unsupported UAST node OperationExpr/4
bec2467cf1dc52e4255e662552921120e6e36fe6c79914f874d2799b05a6c358,edff3ff74e8706b70a249450508321f1ee631da8199128224b345aa3a49cbc50,r,julia,source_target,V4_NATIVE_EMISSION,BACKEND,DIRECT_NATIVE_UNAVAILABLE: unsupported UAST node OperationExpr/4
f0b667a9542fe1577ed586018350b802434535a8a5ab2b963a7dee0a875eca4c,edff3ff74e8706b70a249450508321f1ee631da8199128224b345aa3a49cbc50,r,nim,source_target,V4_NATIVE_EMISSION,BACKEND,DIRECT_NATIVE_UNAVAILABLE: unsupported UAST node OperationExpr/4
97600f70531ecca1406f62a336269642d79a0c209af17b5432d3d9a8fd39a83b,edff3ff74e8706b70a249450508321f1ee631da8199128224b345aa3a49cbc50,r,csharp,source_target,V4_NATIVE_EMISSION,BACKEND,DIRECT_NATIVE_UNAVAILABLE: unsupported UAST node OperationExpr/4
d357d7189d6c7c5f96051e6c88a8fe5e86008844bede31d787e5f8b0874982b5,edff3ff74e8706b70a249450508321f1ee631da8199128224b345aa3a49cbc50,r,java,source_target,V4_NATIVE_EMISSION,BACKEND,DIRECT_NATIVE_UNAVAILABLE: unsupported UAST node OperationExpr/4
62e5c1ffacc8d94f7bb154bc6bb12116ae963a9d184ee5ad0176520ba160eff6,edff3ff74e8706b70a249450508321f1ee631da8199128224b345aa3a49cbc50,r,kotlin,source_target,V4_NATIVE_EMISSION,BACKEND,DIRECT_NATIVE_UNAVAILABLE: unsupported UAST node OperationExpr/4
4abcd4d2f2523134df5b18b1b8c17ba63160334b398679e11e783f2aac8c55cc,edff3ff74e8706b70a249450508321f1ee631da8199128224b345aa3a49cbc50,r,swift,source_target,V4_NATIVE_EMISSION,BACKEND,DIRECT_NATIVE_UNAVAILABLE: unsupported UAST node OperationExpr/4
8a273ba0fa28d2e6a8d3a0b328797ef458c1b46ec25d6d8de1e4b60c83dd6918,ec19adbd850d819f5246adffd55ad048f349228c7f36792064759904ec5d09c4,r,rust,source_target,V4_NATIVE_EMISSION,BACKEND,DIRECT_NATIVE_UNAVAILABLE: target rust emitted invalid syntax (other: error[E0425]: cannot find value `a` in this scope --> C:\Users\tarek\AppData\Local\Temp\codetranspiler-syntax-4248079588\program.rs:3:5 | 3 | a.clone()[vec![b.clone()[1.0
deea2869b95052e242f395091f57f8a9cdf27dd6d731618edd6b226bd1a90970,ec19adbd850d819f5246adffd55ad048f349228c7f36792064759904ec5d09c4,r,cpp,source_target,V4_NATIVE_EMISSION,BACKEND,DIRECT_NATIVE_UNAVAILABLE: target cpp emitted invalid syntax (other: C:\Users\tarek\AppData\Local\Temp\codetranspiler-syntax-413462443\program.cpp: In function 'int main()': C:\Users\tarek\AppData\Local\Temp\codetranspiler-syntax-413462443\
bb4f55e0a3df4d1512b7c28590fb8db3d1f8ab10af177bef4c053306ea32eda4,ec19adbd850d819f5246adffd55ad048f349228c7f36792064759904ec5d09c4,r,c,source_target,V4_NATIVE_EMISSION,BACKEND,DIRECT_NATIVE_UNAVAILABLE: target c emitted invalid syntax (other: C:\Users\tarek\AppData\Local\Temp\codetranspiler-syntax-70546065\program.c: In function 'main': C:\Users\tarek\AppData\Local\Temp\codetranspiler-syntax-70546065\program.c:7:
c7deb6ce164202159166545369566bd1c51a6d57699337cc4ed7fb741e2ff113,ec19adbd850d819f5246adffd55ad048f349228c7f36792064759904ec5d09c4,r,java,source_target,V4_NATIVE_EMISSION,BACKEND,DIRECT_NATIVE_UNAVAILABLE: target java emitted invalid syntax (other: C:\Users\tarek\AppData\Local\Temp\codetranspiler-syntax-3563849390\Main.java:5: Fehler: Keine Anweisung a[(int)(new double[]{b[(int)(1 - 1)]} - 1)]; ^ C:\Users\tarek\AppD
be5ea5cc6e0f84ed660211d0e0b9c6352d8a9e34cfa12a2fc053edf742ce895f,16fd267f5e5021185306cf2984974c64cd90072d19e69a28797e2c327d2f4bc1,r,go,source_target,V4_NATIVE_EMISSION,BACKEND,"DIRECT_NATIVE_UNAVAILABLE: call ""log"" has no native contract for target ""go"" (arguments: y)"
50192e0258602a663deb10e027c272d92feae48d4e1d87b96059f25cbb62f291,16fd267f5e5021185306cf2984974c64cd90072d19e69a28797e2c327d2f4bc1,r,rust,source_target,V4_NATIVE_EMISSION,BACKEND,"DIRECT_NATIVE_UNAVAILABLE: call ""log"" has no native contract for target ""rust"" (arguments: y.clone())"
364f5285d64dacaeb71e89eddcbff309fbefa3cf038a4461ff9ddb24c6a9df5c,16fd267f5e5021185306cf2984974c64cd90072d19e69a28797e2c327d2f4bc1,r,cpp,source_target,V4_NATIVE_EMISSION,BACKEND,"DIRECT_NATIVE_UNAVAILABLE: call ""log"" has no native contract for target ""cpp"" (arguments: y)"
3f251dbda4b068cfeaebe387d290737b85e9132baa332fb14fcd733debfb1526,16fd267f5e5021185306cf2984974c64cd90072d19e69a28797e2c327d2f4bc1,r,c,source_target,V4_NATIVE_EMISSION,BACKEND,"DIRECT_NATIVE_UNAVAILABLE: call ""log"" has no native contract for target ""c"" (arguments: y)"
2b7dfefc539ae5755d881605eabba72c5d425b43b4d71e1c80e43a70e303a20e,16fd267f5e5021185306cf2984974c64cd90072d19e69a28797e2c327d2f4bc1,r,python,source_target,V4_NATIVE_EMISSION,BACKEND,"DIRECT_NATIVE_UNAVAILABLE: call ""log"" has no native contract for target ""python"" (arguments: y)"
00c1e8ee2ac8297544cf34e18ec2f0ba60873da005c50523b7c00246ae7de8d6,16fd267f5e5021185306cf2984974c64cd90072d19e69a28797e2c327d2f4bc1,r,zig,source_target,V4_NATIVE_EMISSION,BACKEND,"DIRECT_NATIVE_UNAVAILABLE: call ""log"" has no native contract for target ""zig"" (arguments: y)"
8fe84f9fd7bc867b597316f74daa074e06f9f719754edeb8c9ed607294553960,16fd267f5e5021185306cf2984974c64cd90072d19e69a28797e2c327d2f4bc1,r,julia,source_target,V4_NATIVE_EMISSION,BACKEND,"DIRECT_NATIVE_UNAVAILABLE: call ""log"" has no native contract for target ""julia"" (arguments: y)"
b2a6558410c533f9e4d0c256ab749be1b1e13f2906054d429722611fd2615cf3,16fd267f5e5021185306cf2984974c64cd90072d19e69a28797e2c327d2f4bc1,r,nim,source_target,V4_NATIVE_EMISSION,BACKEND,"DIRECT_NATIVE_UNAVAILABLE: call ""log"" has no native contract for target ""nim"" (arguments: r2ms79)"
3e04a52b2ad72fe9e119c94b0922a505276300c47f0195589393f71e9078659e,16fd267f5e5021185306cf2984974c64cd90072d19e69a28797e2c327d2f4bc1,r,csharp,source_target,V4_NATIVE_EMISSION,BACKEND,"DIRECT_NATIVE_UNAVAILABLE: call ""log"" has no native contract for target ""csharp"" (arguments: y)"
2ecbc6b82f44f26a68bd7d3b50fa898b338352773ea778c7e9a7b8f08676ee8b,16fd267f5e5021185306cf2984974c64cd90072d19e69a28797e2c327d2f4bc1,r,java,source_target,V4_NATIVE_EMISSION,BACKEND,"DIRECT_NATIVE_UNAVAILABLE: call ""log"" has no native contract for target ""java"" (arguments: y)"
1b6e89d22e266e0cc457204e8d93d80c708f890f06d46a0fe15573fb5af78832,16fd267f5e5021185306cf2984974c64cd90072d19e69a28797e2c327d2f4bc1,r,kotlin,source_target,V4_NATIVE_EMISSION,BACKEND,"DIRECT_NATIVE_UNAVAILABLE: call ""log"" has no native contract for target ""kotlin"" (arguments: y)"
ec164b537c13f0d216350d824f69a971f1ed4395180925a80c42ebb9057ff9e5,16fd267f5e5021185306cf2984974c64cd90072d19e69a28797e2c327d2f4bc1,r,swift,source_target,V4_NATIVE_EMISSION,BACKEND,"DIRECT_NATIVE_UNAVAILABLE: call ""log"" has no native contract for target ""swift"" (arguments: y)"
4fad23d86f9a82b74a8764a1ecd4ea1207140bf4c05cfda77439e0da858c9741,6b5203bf6c23660b3176e76662658bcc8c4194f4d6a9f710d483d70c6f192811,r,rust,source_target,V4_NATIVE_EMISSION,BACKEND,DIRECT_NATIVE_UNAVAILABLE: target rust emitted invalid syntax (other: error[E0425]: cannot find value `x` in this scope --> C:\Users\tarek\AppData\Local\Temp\codetranspiler-syntax-1638868168\program.rs:3:9 | 3 | if (x.clone()) { | ^ not fou
792688697c42c083b76457f56d7c8744bc8b9c560bac3c24e5f387f4016920d5,6b5203bf6c23660b3176e76662658bcc8c4194f4d6a9f710d483d70c6f192811,r,cpp,source_target,V4_NATIVE_EMISSION,BACKEND,DIRECT_NATIVE_UNAVAILABLE: target cpp emitted invalid syntax (other: C:\Users\tarek\AppData\Local\Temp\codetranspiler-syntax-3588981072\program.cpp: In function 'int main()': C:\Users\tarek\AppData\Local\Temp\codetranspiler-syntax-358898107
2a6361c2b3924d596e73674be397734015b4c90ac12af9f31210d3cf2ec2b11f,6b5203bf6c23660b3176e76662658bcc8c4194f4d6a9f710d483d70c6f192811,r,c,source_target,V4_NATIVE_EMISSION,BACKEND,DIRECT_NATIVE_UNAVAILABLE: target c emitted invalid syntax (other: C:\Users\tarek\AppData\Local\Temp\codetranspiler-syntax-236391113\program.c: In function 'main': C:\Users\tarek\AppData\Local\Temp\codetranspiler-syntax-236391113\program.c:
85822939b72068c74e5cf2b9c4a0089e186386b34ca3bd13548f1a227b36b1ad,6b5203bf6c23660b3176e76662658bcc8c4194f4d6a9f710d483d70c6f192811,r,python,source_target,V4_NATIVE_EMISSION,BACKEND,"DIRECT_NATIVE_UNAVAILABLE: target python emitted invalid syntax (other: Sorry: IndentationError: expected an indented block after 'if' statement on line 4 (program.py, line 5))"
52eed092b006893d118292a51d23ffb7e674b83a0544f5bc9dc6e9320fa8215f,6b5203bf6c23660b3176e76662658bcc8c4194f4d6a9f710d483d70c6f192811,r,java,source_target,V4_NATIVE_EMISSION,BACKEND,DIRECT_NATIVE_UNAVAILABLE: target java emitted invalid syntax (other: C:\Users\tarek\AppData\Local\Temp\codetranspiler-syntax-4007767832\Main.java:5: Fehler: Symbol nicht gefunden if (x) { ^ Symbol: Variable x Ort: Klasse Main C:\Users\tare
69c95885896d7c53ba8732dc9f86a528a14d1ac91168dd8805564bca51b06b9a,f34c23fdfaf3556a2098f48ee45c38133165974e27b765ea478083708b25d8b3,r,python,source_target,V4_NATIVE_EMISSION,BACKEND,"DIRECT_NATIVE_UNAVAILABLE: target python emitted invalid syntax (other: Sorry: IndentationError: expected an indented block after 'if' statement on line 2 (program.py, line 3))"
3f19a126a63e42739eaa0842513345b90ee35c3bd6a2fafcd2cd9d489027aa24,10e33b15dece1d772e4d58534facac39a3d604042e9570ecdeaadcd34d09cf91,r,python,source_target,V4_NATIVE_EMISSION,BACKEND,"DIRECT_NATIVE_UNAVAILABLE: target python emitted invalid syntax (other: Sorry: IndentationError: expected an indented block after 'if' statement on line 2 (program.py, line 3))"
cbc5329c379269da12dab7665ad31642f81bfe36edba76e87b6a05aa26cbb4fb,57ffb46af502726da56792be3afbaa4d1f3eb6dcc625c5269eaa3425281d8b9c,r,r,source_target,V0_SOURCE_PARSE,FRONTEND,r range matrix: range binding is not a single identifier
a9c77218a2242ac59b5b91f0117009bcdb670965de506235890926f12d24a367,57ffb46af502726da56792be3afbaa4d1f3eb6dcc625c5269eaa3425281d8b9c,r,go,source_target,V0_SOURCE_PARSE,FRONTEND,r range matrix: range binding is not a single identifier
0f8e6b398a1cb07a57b4da5da7551c56a4177519554db6bd522ed771ad55feb3,57ffb46af502726da56792be3afbaa4d1f3eb6dcc625c5269eaa3425281d8b9c,r,rust,source_target,V0_SOURCE_PARSE,FRONTEND,r range matrix: range binding is not a single identifier
7cb588fefcdca5df1e5bc758df7fdf33c6533a68b5e784e9afee841704bc2232,57ffb46af502726da56792be3afbaa4d1f3eb6dcc625c5269eaa3425281d8b9c,r,cpp,source_target,V0_SOURCE_PARSE,FRONTEND,r range matrix: range binding is not a single identifier
51e13e91184e99cafbfe39ca4a9410140a93ad9692cfdc305ff73037ade7312a,57ffb46af502726da56792be3afbaa4d1f3eb6dcc625c5269eaa3425281d8b9c,r,c,source_target,V0_SOURCE_PARSE,FRONTEND,r range matrix: range binding is not a single identifier
dd7f5d25168f2f77dfc6be41f757a8af268c9b72bd4b26f2e54689c09bca68a3,57ffb46af502726da56792be3afbaa4d1f3eb6dcc625c5269eaa3425281d8b9c,r,python,source_target,V0_SOURCE_PARSE,FRONTEND,r range matrix: range binding is not a single identifier
306d0ccec11c86da0dea8a10265d286d6718e1b1d794f5404f7dca2b6a444eb3,57ffb46af502726da56792be3afbaa4d1f3eb6dcc625c5269eaa3425281d8b9c,r,zig,source_target,V0_SOURCE_PARSE,FRONTEND,r range matrix: range binding is not a single identifier
22198f7d7ae6624b598adc783f3e53e0600ba9d20b932bc329e42ffe336b14ba,57ffb46af502726da56792be3afbaa4d1f3eb6dcc625c5269eaa3425281d8b9c,r,julia,source_target,V0_SOURCE_PARSE,FRONTEND,r range matrix: range binding is not a single identifier
f6f135feeb42f8d1c45bf74f8a1e0361aa8916358e02304cc615f0c5612ae089,57ffb46af502726da56792be3afbaa4d1f3eb6dcc625c5269eaa3425281d8b9c,r,nim,source_target,V0_SOURCE_PARSE,FRONTEND,r range matrix: range binding is not a single identifier
08b65066b823cb176a1fe6449cf2ee7f3c08d4cc2bd61bab164300cb80811ec8,57ffb46af502726da56792be3afbaa4d1f3eb6dcc625c5269eaa3425281d8b9c,r,csharp,source_target,V0_SOURCE_PARSE,FRONTEND,r range matrix: range binding is not a single identifier
07de9d910703e6c0d8ddda8aa246d5fe85e6040799cbeed65c3328a30c07c48a,57ffb46af502726da56792be3afbaa4d1f3eb6dcc625c5269eaa3425281d8b9c,r,java,source_target,V0_SOURCE_PARSE,FRONTEND,r range matrix: range binding is not a single identifier
f163c1f01b928e93bd08bf234dae49ddca9d4caba572c092693e9920985cc0ed,57ffb46af502726da56792be3afbaa4d1f3eb6dcc625c5269eaa3425281d8b9c,r,kotlin,source_target,V0_SOURCE_PARSE,FRONTEND,r range matrix: range binding is not a single identifier
4909fb03f8069b6beff86d0a2559a994e40d78926b1bf1ff745130229f8965e2,57ffb46af502726da56792be3afbaa4d1f3eb6dcc625c5269eaa3425281d8b9c,r,swift,source_target,V0_SOURCE_PARSE,FRONTEND,r range matrix: range binding is not a single identifier
a65e15f27e1de20ed8bd92fe22c9c6355472c756049c0c766671000ddd10bfca,b2115b0f50d69eb618db8042d7953acc3fece5a5cc15bab8142c18ee6f018757,r,r,source_target,V4_NATIVE_EMISSION,BACKEND,"universal node 1 lacks required ""expression"" child"
c1edbcc449274b06d48de68aefabf8d20687b277e0498224ec8952f7aa0ae4f7,b2115b0f50d69eb618db8042d7953acc3fece5a5cc15bab8142c18ee6f018757,r,go,source_target,V4_NATIVE_EMISSION,BACKEND,DIRECT_NATIVE_UNAVAILABLE: unsupported UAST node OperationExpr/1
c5a52e1c89bdb626d724ba6086289b9f3edabfbc5f1ead3b55ac92a68a8a5948,b2115b0f50d69eb618db8042d7953acc3fece5a5cc15bab8142c18ee6f018757,r,rust,source_target,V4_NATIVE_EMISSION,BACKEND,DIRECT_NATIVE_UNAVAILABLE: unsupported UAST node OperationExpr/1
07b6109d507a8fbf525cbadc5b6ffe886101fad7bbd8d061b78eea7e0cbe67a1,b2115b0f50d69eb618db8042d7953acc3fece5a5cc15bab8142c18ee6f018757,r,cpp,source_target,V4_NATIVE_EMISSION,BACKEND,DIRECT_NATIVE_UNAVAILABLE: unsupported UAST node OperationExpr/1
1d441405e5d9b206ebd11a5f7523bed090d548bb7ff6dbd71b367ad3aa9d718d,b2115b0f50d69eb618db8042d7953acc3fece5a5cc15bab8142c18ee6f018757,r,c,source_target,V4_NATIVE_EMISSION,BACKEND,DIRECT_NATIVE_UNAVAILABLE: unsupported UAST node OperationExpr/1
926adb75d178fe4a1f2c4b4ea9710b8dff2e38ccdf0d857da290b6ebd8074faa,b2115b0f50d69eb618db8042d7953acc3fece5a5cc15bab8142c18ee6f018757,r,python,source_target,V4_NATIVE_EMISSION,BACKEND,DIRECT_NATIVE_UNAVAILABLE: unsupported UAST node OperationExpr/1
f09aea1e66c3166516a710b27bb999ddd351336556fb632561f26b3909a083f5,b2115b0f50d69eb618db8042d7953acc3fece5a5cc15bab8142c18ee6f018757,r,zig,source_target,V4_NATIVE_EMISSION,BACKEND,DIRECT_NATIVE_UNAVAILABLE: unsupported UAST node OperationExpr/1
2db4c910dc295ca28524ed425a4be90fead65edf1cdeeec3f6bf03fce7607c6f,b2115b0f50d69eb618db8042d7953acc3fece5a5cc15bab8142c18ee6f018757,r,julia,source_target,V4_NATIVE_EMISSION,BACKEND,DIRECT_NATIVE_UNAVAILABLE: unsupported UAST node OperationExpr/1
27d67de7f2195cad0bac6033ba0fc852a78a6f159af80a4e720b00421f91bfb9,b2115b0f50d69eb618db8042d7953acc3fece5a5cc15bab8142c18ee6f018757,r,nim,source_target,V4_NATIVE_EMISSION,BACKEND,DIRECT_NATIVE_UNAVAILABLE: unsupported UAST node OperationExpr/1
b37f6c5030023ce1c82959d38a8e3309fd5402f5f51d014fae684283afd2f6b2,b2115b0f50d69eb618db8042d7953acc3fece5a5cc15bab8142c18ee6f018757,r,csharp,source_target,V4_NATIVE_EMISSION,BACKEND,DIRECT_NATIVE_UNAVAILABLE: unsupported UAST node OperationExpr/1
69356fa0045c05d03770e5e3fe8c2bbc6c77e307aa284f5bce84bfca649a7fa8,b2115b0f50d69eb618db8042d7953acc3fece5a5cc15bab8142c18ee6f018757,r,java,source_target,V4_NATIVE_EMISSION,BACKEND,DIRECT_NATIVE_UNAVAILABLE: unsupported UAST node OperationExpr/1
b417077e3d5bb90d61f2720f674c1874b61a48ebbde0b0715a6b04e5266f6157,b2115b0f50d69eb618db8042d7953acc3fece5a5cc15bab8142c18ee6f018757,r,kotlin,source_target,V4_NATIVE_EMISSION,BACKEND,DIRECT_NATIVE_UNAVAILABLE: unsupported UAST node OperationExpr/1
147e0267eb524aeee7a78f4c7eee7b9d8430a83e4b98f82e8438260283dc720e,b2115b0f50d69eb618db8042d7953acc3fece5a5cc15bab8142c18ee6f018757,r,swift,source_target,V4_NATIVE_EMISSION,BACKEND,DIRECT_NATIVE_UNAVAILABLE: unsupported UAST node OperationExpr/1
9b0c027d218ef4c2749c9d86e1fedcba86bff4163e96d603a553c5c9d5a9c17c,d402bf1504f322ada2b86883dd321ec91e80715f2a5a6e489bcc6b7e9a8c08ff,r,r,source_target,V4_NATIVE_EMISSION,BACKEND,"universal node 1 lacks required ""expression"" child"
e8c3b2524bc7b9c405bedf6b81b510f7ec12b8b10026939333544acf62796c26,d402bf1504f322ada2b86883dd321ec91e80715f2a5a6e489bcc6b7e9a8c08ff,r,go,source_target,V4_NATIVE_EMISSION,BACKEND,DIRECT_NATIVE_UNAVAILABLE: unsupported UAST node OperationExpr/1
f5f101f95d075038420341bd7b2ec2ec1adc09ec4a920cabae99ebc888e6df6c,d402bf1504f322ada2b86883dd321ec91e80715f2a5a6e489bcc6b7e9a8c08ff,r,rust,source_target,V4_NATIVE_EMISSION,BACKEND,DIRECT_NATIVE_UNAVAILABLE: unsupported UAST node OperationExpr/1
7c394a922888f218e34ae35ac6e6a77f471c87e5e1c4923eb199d9247eda88aa,d402bf1504f322ada2b86883dd321ec91e80715f2a5a6e489bcc6b7e9a8c08ff,r,cpp,source_target,V4_NATIVE_EMISSION,BACKEND,DIRECT_NATIVE_UNAVAILABLE: unsupported UAST node OperationExpr/1
0b538ca209d335cb38b4ab339420d4a031ffac4e80f95163d8bde5044efd5d37,d402bf1504f322ada2b86883dd321ec91e80715f2a5a6e489bcc6b7e9a8c08ff,r,c,source_target,V4_NATIVE_EMISSION,BACKEND,DIRECT_NATIVE_UNAVAILABLE: unsupported UAST node OperationExpr/1
fa336b7a2c9b2e9281639cd26d4dfe15314eaf0ec7c83b35d059c5dcb0b0d457,d402bf1504f322ada2b86883dd321ec91e80715f2a5a6e489bcc6b7e9a8c08ff,r,python,source_target,V4_NATIVE_EMISSION,BACKEND,DIRECT_NATIVE_UNAVAILABLE: unsupported UAST node OperationExpr/1
c4bea768889e58a9a093c72ed34d4e70c3efbb357ff324439d8d8dc8827bcb45,d402bf1504f322ada2b86883dd321ec91e80715f2a5a6e489bcc6b7e9a8c08ff,r,zig,source_target,V4_NATIVE_EMISSION,BACKEND,DIRECT_NATIVE_UNAVAILABLE: unsupported UAST node OperationExpr/1
1aaa26cbe2a88825eaccaca511e88357f60a7ae42d15ebe46739ad579c35d4f0,d402bf1504f322ada2b86883dd321ec91e80715f2a5a6e489bcc6b7e9a8c08ff,r,julia,source_target,V4_NATIVE_EMISSION,BACKEND,DIRECT_NATIVE_UNAVAILABLE: unsupported UAST node OperationExpr/1
ffe6b73690987856ed7e2265965a80334b491b90f51fc5773ee8e3ae97591dcb,d402bf1504f322ada2b86883dd321ec91e80715f2a5a6e489bcc6b7e9a8c08ff,r,nim,source_target,V4_NATIVE_EMISSION,BACKEND,DIRECT_NATIVE_UNAVAILABLE: unsupported UAST node OperationExpr/1
812c3975be46c2ba3dc59331a4359d02743b625c1c40cd6b71786402ffac5c4f,d402bf1504f322ada2b86883dd321ec91e80715f2a5a6e489bcc6b7e9a8c08ff,r,csharp,source_target,V4_NATIVE_EMISSION,BACKEND,DIRECT_NATIVE_UNAVAILABLE: unsupported UAST node OperationExpr/1
c9de6715989784157ad4ad8108f1419c86ae6695fd31fdf6f6f39b9e9bbbe3ed,d402bf1504f322ada2b86883dd321ec91e80715f2a5a6e489bcc6b7e9a8c08ff,r,java,source_target,V4_NATIVE_EMISSION,BACKEND,DIRECT_NATIVE_UNAVAILABLE: unsupported UAST node OperationExpr/1
23a6e7cea82335c9c1fbf9070a81867b3fb312a71de70c8ceda99e0882cfc94e,d402bf1504f322ada2b86883dd321ec91e80715f2a5a6e489bcc6b7e9a8c08ff,r,kotlin,source_target,V4_NATIVE_EMISSION,BACKEND,DIRECT_NATIVE_UNAVAILABLE: unsupported UAST node OperationExpr/1
041dab72536068e44082915381f24f8681d7aa46704025e392bf8b883592378f,d402bf1504f322ada2b86883dd321ec91e80715f2a5a6e489bcc6b7e9a8c08ff,r,swift,source_target,V4_NATIVE_EMISSION,BACKEND,DIRECT_NATIVE_UNAVAILABLE: unsupported UAST node OperationExpr/1
68d47dc9617b1020ca91c03ab08729a17811409816db07fa373a0abdd3dd5613,ec97418fd033128d8523bacf8939da0f4fa8a416333f16391d445aa958d717e8,r,r,source_target,V4_NATIVE_EMISSION,BACKEND,"universal node 1 lacks required ""expression"" child"
5bed10690f23f6ad23a9e24e8b2c70edfbac612cfd56600057b212ca8ac5b2c0,ec97418fd033128d8523bacf8939da0f4fa8a416333f16391d445aa958d717e8,r,go,source_target,V4_NATIVE_EMISSION,BACKEND,DIRECT_NATIVE_UNAVAILABLE: unsupported UAST node OperationExpr/1
8915f7ba62036c767843ac17d0ed907092cc723628d52c709374b91dc5b3f374,ec97418fd033128d8523bacf8939da0f4fa8a416333f16391d445aa958d717e8,r,rust,source_target,V4_NATIVE_EMISSION,BACKEND,DIRECT_NATIVE_UNAVAILABLE: unsupported UAST node OperationExpr/1
a447b444959adb828e65f8481b59437c448a119341c65e159404cd5108582987,ec97418fd033128d8523bacf8939da0f4fa8a416333f16391d445aa958d717e8,r,cpp,source_target,V4_NATIVE_EMISSION,BACKEND,DIRECT_NATIVE_UNAVAILABLE: unsupported UAST node OperationExpr/1
87b188972eb74b89348ab025ec007a2a9b9815a6a01cbc9dbb81db8ffa4eea54,ec97418fd033128d8523bacf8939da0f4fa8a416333f16391d445aa958d717e8,r,c,source_target,V4_NATIVE_EMISSION,BACKEND,DIRECT_NATIVE_UNAVAILABLE: unsupported UAST node OperationExpr/1
e6899470e8f6ce528547fd6cdad108f07adac823e7ebffd231b80964d0e9551d,ec97418fd033128d8523bacf8939da0f4fa8a416333f16391d445aa958d717e8,r,python,source_target,V4_NATIVE_EMISSION,BACKEND,DIRECT_NATIVE_UNAVAILABLE: unsupported UAST node OperationExpr/1
a35a48d4ad36862f8823a70c67232372ac20b1a4e61e5eca6e9d489fc694def5,ec97418fd033128d8523bacf8939da0f4fa8a416333f16391d445aa958d717e8,r,zig,source_target,V4_NATIVE_EMISSION,BACKEND,DIRECT_NATIVE_UNAVAILABLE: unsupported UAST node OperationExpr/1
1c1744fedf4ab16badf88f9b934d98d92cf3d44b91954c7d9db6a4681a35aa9a,ec97418fd033128d8523bacf8939da0f4fa8a416333f16391d445aa958d717e8,r,julia,source_target,V4_NATIVE_EMISSION,BACKEND,DIRECT_NATIVE_UNAVAILABLE: unsupported UAST node OperationExpr/1
9bdd87b8489d35f9eef2ef3aabb814325a4095a5cd9ee667be2ec02f3a8f55ee,ec97418fd033128d8523bacf8939da0f4fa8a416333f16391d445aa958d717e8,r,nim,source_target,V4_NATIVE_EMISSION,BACKEND,DIRECT_NATIVE_UNAVAILABLE: unsupported UAST node OperationExpr/1
74aeae75122d02bd8e648456a24bc1cc621e2ddbcd3236f2f11c5b754786cff8,ec97418fd033128d8523bacf8939da0f4fa8a416333f16391d445aa958d717e8,r,csharp,source_target,V4_NATIVE_EMISSION,BACKEND,DIRECT_NATIVE_UNAVAILABLE: unsupported UAST node OperationExpr/1
0a6e93c9b1180eb467c9ac9fe8642a16f64f8f6369a3f58e68ec0b3d7f9290f3,ec97418fd033128d8523bacf8939da0f4fa8a416333f16391d445aa958d717e8,r,java,source_target,V4_NATIVE_EMISSION,BACKEND,DIRECT_NATIVE_UNAVAILABLE: unsupported UAST node OperationExpr/1
b755a6f98fb1c526a9709b5dc7d8634ab14fce2001470554116d5f3a8557cecc,ec97418fd033128d8523bacf8939da0f4fa8a416333f16391d445aa958d717e8,r,kotlin,source_target,V4_NATIVE_EMISSION,BACKEND,DIRECT_NATIVE_UNAVAILABLE: unsupported UAST node OperationExpr/1
fe666e863a7b17289bf805fe789f39b303a2505ae29d9a93c81c9dd9fcf9ce40,ec97418fd033128d8523bacf8939da0f4fa8a416333f16391d445aa958d717e8,r,swift,source_target,V4_NATIVE_EMISSION,BACKEND,DIRECT_NATIVE_UNAVAILABLE: unsupported UAST node OperationExpr/1
d31a66efc72c8fb7c680e1c03d7686380d13ccc3f430ecbbb364665850a269e2,9acab53faaaf9bcef654ade8ff8ec96c9a1e7ce971072ff0e86e565a8aa7f66c,r,r,source_target,V4_NATIVE_EMISSION,BACKEND,"no R serialization for universal statement kind ""member"""
3786d9f394e762b92252c12451141a9e969912c8311076d0de0e0b4b0182d2d0,9acab53faaaf9bcef654ade8ff8ec96c9a1e7ce971072ff0e86e565a8aa7f66c,r,go,source_target,V4_NATIVE_EMISSION,BACKEND,DIRECT_NATIVE_UNAVAILABLE: member node 3 lacks a structured member name
74d81c34c9b9f54ce65df439757d183e2330c0d777653fe4d8c2c67e2af015aa,9acab53faaaf9bcef654ade8ff8ec96c9a1e7ce971072ff0e86e565a8aa7f66c,r,rust,source_target,V4_NATIVE_EMISSION,BACKEND,DIRECT_NATIVE_UNAVAILABLE: member node 3 lacks a structured member name
cf44f08f9483f3fcf38568ac24f4ac991c05c29e86a0dee23d192c8ca03871a4,9acab53faaaf9bcef654ade8ff8ec96c9a1e7ce971072ff0e86e565a8aa7f66c,r,cpp,source_target,V4_NATIVE_EMISSION,BACKEND,DIRECT_NATIVE_UNAVAILABLE: member node 3 lacks a structured member name
cf9e40e5c959ac5c5cbcb3070aa305d7bd75b0ded3b64db53bd3529ab699e198,9acab53faaaf9bcef654ade8ff8ec96c9a1e7ce971072ff0e86e565a8aa7f66c,r,c,source_target,V4_NATIVE_EMISSION,BACKEND,DIRECT_NATIVE_UNAVAILABLE: member node 3 lacks a structured member name
ed52dd5fd1a74582bf226477169ef11dfa9bf556bf7d974db0d5f66541f93a02,9acab53faaaf9bcef654ade8ff8ec96c9a1e7ce971072ff0e86e565a8aa7f66c,r,python,source_target,V4_NATIVE_EMISSION,BACKEND,DIRECT_NATIVE_UNAVAILABLE: member node 3 lacks a structured member name
95c9953f735ec9bf43e7ad33af11212e251b3c79f1171a72d5cb21c896f7b0f7,9acab53faaaf9bcef654ade8ff8ec96c9a1e7ce971072ff0e86e565a8aa7f66c,r,zig,source_target,V4_NATIVE_EMISSION,BACKEND,DIRECT_NATIVE_UNAVAILABLE: member node 3 lacks a structured member name
65f0b5a7951fc057714ffd7b27b83a4afaab76065c5a1e0a0ce801cbb346f49c,9acab53faaaf9bcef654ade8ff8ec96c9a1e7ce971072ff0e86e565a8aa7f66c,r,julia,source_target,V4_NATIVE_EMISSION,BACKEND,DIRECT_NATIVE_UNAVAILABLE: member node 3 lacks a structured member name
7ea9275ea9b27315a53a67a00ea7d2bef8a2e6387d0030cac34bd3682b86a73b,9acab53faaaf9bcef654ade8ff8ec96c9a1e7ce971072ff0e86e565a8aa7f66c,r,nim,source_target,V4_NATIVE_EMISSION,BACKEND,DIRECT_NATIVE_UNAVAILABLE: member node 3 lacks a structured member name
1d9868e8f589b85da31a1bf09d648a2280a3fe33270ea2edb557565031136c02,9acab53faaaf9bcef654ade8ff8ec96c9a1e7ce971072ff0e86e565a8aa7f66c,r,csharp,source_target,V4_NATIVE_EMISSION,BACKEND,DIRECT_NATIVE_UNAVAILABLE: member node 3 lacks a structured member name
4ea43c66d456ea91eaf4f4875f1c4e2d45207e922db35d442ca66101d5003514,9acab53faaaf9bcef654ade8ff8ec96c9a1e7ce971072ff0e86e565a8aa7f66c,r,java,source_target,V4_NATIVE_EMISSION,BACKEND,DIRECT_NATIVE_UNAVAILABLE: member node 3 lacks a structured member name
dc7e960f55280f3c92373527ec1ed5be989238d848eb0168ccc7d8d3da0409c4,9acab53faaaf9bcef654ade8ff8ec96c9a1e7ce971072ff0e86e565a8aa7f66c,r,kotlin,source_target,V4_NATIVE_EMISSION,BACKEND,DIRECT_NATIVE_UNAVAILABLE: member node 3 lacks a structured member name
c0ce6bf380a9e84e1ce29a60f11ef56cb23f286e6f916639a4941ba41ffd5f8d,9acab53faaaf9bcef654ade8ff8ec96c9a1e7ce971072ff0e86e565a8aa7f66c,r,swift,source_target,V4_NATIVE_EMISSION,BACKEND,DIRECT_NATIVE_UNAVAILABLE: member node 3 lacks a structured member name
